Andover,Ansonia,Ashford,Avon,Barkhamsted,Beacon Falls,Berlin,Bethany,Bethel,Bethlehem,Bloomfield,Bolton,Bozrah,Branford,Bridgeport,Bridgewater,Bristol,Brookfield,Brooklyn,Burlington,Canaan,Canterbury,Canton,Chaplin,Cheshire,Chester,Clinton,Colchester,Colebrook,Columbia,Cornwall,Coventry,Cromwell,Danbury,Darien,Deep River,Derby,Durham,East Granby,East Haddam,East Hampton,East Hartford,East Haven,East Lyme,East Windsor,Eastford,Easton,Ellington,Enfield,Essex,Fairfield,Farmington,Franklin,Glastonbury,Goshen,Granby,Greenwich,Griswold,Groton,Guilford,Haddam,Hamden,Hampton,Hartford,Hartland,Harwinton,Hebron,Kent,Killingly,Killingworth,Lebanon,Ledyard,Lisbon,Litchfield,Lyme,Madison,Manchester,Mansfield,Marlborough,Meriden,Middlebury,Middlefield,Middletown,Milford,Monroe,Montville,Morris,Naugatuck,New Britain,New Canaan,New Fairfield,New Hartford,New Haven,New London,New Milford,Newington,Newtown,Norfolk,North Branford,North Canaan,North Haven,North Stonington,Norwalk,Norwich,Old Lyme,Old Saybrook,Orange,Oxford,Plainfield,Plainville,Plymouth,Pomfret,Portland,Preston,Prospect,Putnam,Redding,Ridgefield,Rocky Hill,Roxbury,Salem,Salisbury,Scotland,Seymour,Sharon,Shelton,Sherman,Simsbury,Somers,South Windsor,Southbury,Southington,Sprague,Stafford,Stamford,Sterling,Stonington,Stratford,Suffield,Thomaston,Thompson,Tolland,Torrington,Trumbull,Union,Vernon,Voluntown,Wallingford,Warren,Washington,Waterbury,Waterford,Watertown,West Hartford,West Haven,Westbrook,Weston,Westport,Wethersfield,Willington,Wilton,Winchester,Windham,Windsor,Windsor Locks,Wolcott,Woodbridge,Woodbury,Woodstock
0,4056,1897,2426,3091,3531,1939,3691,4947,4238,1793,494,1665,3601,4215,4763,2639,4642,1944,2898,5467,1985,2928,1397,3027,2891,3510,1203,4502,463,5196,715,2049,4723,5307,3111,3844,2684,2080,1987,1495,1191,3484,2817,2067,2041,4556,1708,2348,3086,4575,2006,1548,1329,4584,2373,5900,2703,2920,4010,2688,2907,1583,1415,3061,3363,757,5893,2972,3448,1014,2695,2290,4080,2324,3641,981,1237,1037,2367,3414,2460,2087,3772,4578,2561,4147,3291,2067,5334,4995,3515,3424,2752,4994,1643,4073,4794,3516,5358,2861,3375,5025,2186,3060,3191,3582,3949,2392,2266,3395,2504,2222,2647,3109,3027,5297,5358,1799,4350,1887,6059,1492,3701,6017,3939,5679,2554,2133,1656,3590,2633,1841,2082,5578,2879,3661,4153,2352,3540,3278,1285,4021,4158,1992,919,2828,2698,5235,4750,3147,2822,3607,1902,3550,3437,4868,4897,1474,1676,5159,4425,1149,1622,2001,3070,3458,3959,2800
4056,0,4967,3277,3559,664,2497,1084,2695,2343,3525,3699,4379,2039,1148,2647,2446,2471,5916,2741,3802,5591,3366,5369,1807,3626,2758,4052,3393,4274,3532,4172,2717,2551,2240,3317,482,2534,3857,3766,3526,3148,1923,3784,3975,5304,1504,4364,4124,3529,1508,2688,4880,3309,2901,4173,2833,5423,4366,2444,3436,1351,5556,2854,3866,2275,4186,4170,6408,3345,4660,4853,4927,2389,3834,2676,3576,4841,3457,2077,1530,2417,2690,1156,1180,4526,2253,797,2480,2282,2824,3233,1583,4196,2879,2727,1892,3584,2456,4149,1465,5135,1958,4878,3437,3393,915,983,5493,2396,1704,5767,2767,5154,1321,6383,2410,2992,2662,2235,4313,4600,5464,467,4352,496,3564,3739,4714,3886,1475,1968,5305,4780,2511,5894,5107,1479,4128,1679,6479,4036,2366,1106,4665,3634,5548,1824,3512,2774,1202,4045,1713,3035,1626,3170,1816,1845,2948,4361,2107,3216,5121,3406,3778,1941,613,1999,5828
1897,4967,0,3325,3839,4430,2838,4590,5846,5136,2542,1874,2335,4499,5114,5661,3538,5541,1113,3797,6365,1683,3827,600,3926,3856,4195,2504,5250,1536,6095,1301,2947,5621,6206,4077,4742,3583,2829,3367,2875,2081,4383,3344,2570,338,5454,1967,2816,3932,5474,2905,1882,2751,5483,3122,6799,2469,3447,4695,3667,3806,888,2313,3809,4262,2050,6792,1733,4290,1863,3222,2317,4978,3626,4326,2138,1127,2416,3265,4312,3359,2986,4671,5477,3054,5046,4190,2966,6232,5894,4414,4323,3278,5893,2542,4972,5542,4415,6107,3760,3500,5923,2713,3674,3876,4481,4847,1891,3165,4294,801,2998,2933,4008,1496,6195,6256,2698,5249,3183,6807,1440,4600,6915,4837,6578,3302,2204,2130,4489,3532,1789,1633,6476,2127,4188,5051,3100,4439,1750,1207,4920,5057,1130,1665,2661,3597,6133,5649,4045,3348,4506,2801,4449,4122,5767,5796,2373,722,6058,5174,1219,2371,2750,3968,4357,4857,1097
2426,3277,3325,0,1229,2695,1498,2855,4110,2921,904,2100,3096,3493,3870,3926,1802,3806,4317,1067,3348,4358,501,3770,2190,2869,3575,2768,2205,2836,3078,2573,1961,3886,4962,3090,3231,2596,1365,3009,2632,1549,3376,3784,2212,3705,4176,2749,2360,3064,4230,730,3596,2025,2466,1292,5555,4182,4366,3898,2680,2794,3956,1269,1664,1532,2902,4048,5100,3303,3387,4175,3687,2249,3552,3686,1977,3242,2173,2110,2577,2352,1999,3659,3864,3802,2646,2454,1403,5004,4158,1087,3316,4196,3978,1633,3236,2497,3408,3061,2753,4854,4680,3666,3437,3427,3469,3112,4252,1257,2253,4168,2011,4127,2272,4863,4460,4521,1950,3513,3029,3762,3865,2864,3898,3218,4679,544,2951,2022,2754,1796,3958,3180,5233,4653,5107,4031,1773,2270,4880,2437,1940,3828,3066,2035,4307,2585,3404,3374,2310,4044,2770,778,3442,3564,4538,4567,1682,2762,4829,2128,3522,1595,2014,2233,3270,3122,4229
3091,3559,3839,1229,0,3034,2595,3470,4427,2637,1471,2857,3859,4562,4210,3985,2271,4122,5074,1287,2972,5115,863,4416,3170,3919,4625,3532,1539,3593,2688,3329,3010,4203,5302,4140,3571,3646,1094,3887,3395,2312,4446,4834,2070,4319,4493,2607,2218,4114,4570,1887,4360,2789,2076,743,5895,4946,5163,4968,3730,3869,4713,2147,435,1644,3666,3658,5713,4353,4144,4938,4450,1965,4316,4736,2734,3987,2937,3090,2894,3422,3049,4307,4181,4565,2363,2794,2499,5343,4475,694,4386,4994,3695,2623,3553,1831,4478,2395,3823,5618,5019,4429,4487,4477,4066,3429,5015,2280,2059,4782,3061,4890,3096,5477,4777,4838,2761,3680,3792,3096,4621,3204,3508,3558,4396,819,2809,2286,3071,2777,4721,3482,5572,5417,5904,4540,1478,1963,5494,3050,1554,4167,3680,2649,5071,3660,3120,3091,2533,4948,2484,1817,4512,4614,4877,4907,2436,3375,5168,1462,4279,1946,1824,2912,3752,3219,4842
3531,664,4430,2695,3034,0,2042,591,2524,1809,2991,3165,3935,2386,1406,2338,1911,2219,5382,2207,3268,5190,2832,4835,1273,3182,3106,3608,2859,3901,2998,3638,2273,2299,2498,3402,767,2168,3322,3322,3082,2614,2270,4131,3441,4770,1762,3830,3590,3377,1766,2154,4436,2865,2366,3639,3091,5022,4713,2792,2992,1726,5021,2320,3331,1741,3742,3636,6165,3595,4216,5014,4526,1855,4182,3023,3042,4307,3013,1542,996,1959,2233,1503,1438,4641,1719,262,1946,2540,2572,2698,1919,4544,2569,2193,1650,3050,2780,3614,1878,5483,2216,4505,3785,3741,1263,594,5091,1862,1169,5233,2323,4966,787,5928,2668,2934,2218,1925,3869,4066,4930,400,3818,755,3254,3205,4180,3352,1165,1433,4798,4245,2769,5493,5454,1737,3594,1145,5945,3502,1832,1364,4131,3100,5147,1907,2978,2327,668,4392,1178,2501,1974,3518,2074,2103,2504,3827,2365,2681,4587,2872,3243,1406,949,1535,5294
1939,2497,2838,1498,2595,2042,0,2190,3537,2827,1678,1661,2367,2053,2655,3352,1229,3232,3878,1754,4286,3621,1902,3331,1540,1569,2274,2039,3545,2261,4016,2134,660,3312,3747,1789,2283,1295,1925,1708,1469,1127,1936,2483,2044,3266,2995,2326,2192,1764,3015,977,2867,1296,3385,2218,4340,3453,3065,2458,1379,1347,3517,1007,2905,2224,2173,4654,4438,2002,2647,3446,2957,2873,2533,2385,1538,2803,1444,865,2003,1118,698,2212,3018,3072,2737,1880,437,3773,3585,2428,1876,2895,3584,757,2663,3837,1968,4401,1313,3834,3464,2937,2136,2127,2022,2538,3522,856,1985,3729,710,3397,1699,4424,3902,3947,649,2940,2300,5084,3426,2291,4836,2379,4269,2028,2783,1847,2180,1014,3229,2741,4017,3924,3806,2584,2197,2130,4441,1998,2850,2598,2627,1596,3578,1138,3996,3340,1736,2744,2197,1188,2002,2263,3308,3337,935,2323,3599,3468,3083,1475,1846,1659,1898,2548,3790
3691,1084,4590,2855,3470,591,2190,0,3036,2284,3165,3339,4114,1976,1684,2777,2245,2731,5556,2682,3743,5368,3086,5009,1033,3361,2695,3787,3334,4075,3473,3812,2452,2811,2776,3254,1164,2232,3496,3500,3261,2788,1860,3721,3615,4944,2024,4004,3763,3466,2044,2328,4615,3044,2842,3789,3369,5201,4303,2381,3171,1086,5195,2494,3806,2216,3920,4111,6339,3282,4394,4790,4705,2330,3771,2613,3216,4481,3192,1716,1431,2133,2407,1241,1835,4463,2194,718,2120,2802,3084,3174,1460,4133,3008,2367,2162,3525,2190,4090,1200,5072,2493,4684,3374,3330,1051,1033,5270,2036,1644,5407,2502,5091,631,6102,2931,3446,2396,2364,4047,4541,5104,720,4293,1151,3693,3379,4354,3525,1605,1607,4976,4419,3046,5672,5044,1613,3768,1620,6119,3676,2307,1626,4305,3274,5326,1542,3453,2816,1143,3982,1654,2675,1591,3107,2337,2366,2683,4001,2628,3156,4761,3046,3417,1753,483,2024,5468
4947,2695,5846,4110,4427,2524,3537,3036,0,2810,4462,4636,5407,3419,2282,1743,3368,1150,6853,3663,4743,6661,4289,6306,2828,4653,4139,5079,4315,5372,3841,5109,3745,679,2601,4698,2452,3639,4794,4793,4553,4086,3303,5165,4913,6241,1267,5302,5061,4909,2224,3625,5907,4336,3823,5096,3194,6493,5746,3825,4464,3148,6493,3791,4788,3198,5213,2973,7636,4726,5687,6233,5998,3312,5215,4056,4514,5778,4484,3014,2014,3431,3704,2365,1851,5906,3105,2344,3418,2410,1407,4155,3286,5577,1789,3664,977,4506,3817,4908,3262,6516,2328,5977,4818,4774,2594,2016,6563,3333,2626,6705,3795,6438,2640,7400,764,1359,3689,2152,5340,4926,6401,2499,4178,2475,2225,4676,5652,4823,1547,2905,6269,5717,2871,6964,6488,2597,5065,2601,7417,4973,3288,2056,5603,4572,6618,3621,3070,2647,2195,5425,2678,3973,3000,4551,1464,2101,3975,5298,1585,4138,6059,4343,4715,2863,3087,2071,6765
4238,2343,5136,2921,2637,1809,2827,2284,2810,0,3698,3872,4643,3737,2989,1661,2016,2453,6089,1848,2176,5897,2473,5543,2064,3889,4394,4315,2524,4609,1906,4345,2981,2579,4081,4110,2350,2875,3656,4029,3790,3322,3620,4804,4149,5478,2870,4538,4297,4084,3349,2861,5144,3573,1275,3304,4674,5729,5386,4142,3700,3030,5729,3027,2997,1382,4449,2221,6873,4303,4923,5722,5234,767,4854,4178,3750,5014,3721,2250,1090,2667,2941,3086,2557,5349,345,1573,2654,4123,2852,2364,3502,5216,1744,2900,1930,2464,3652,2521,2997,6155,3799,5213,4457,4447,2845,1797,5799,2570,1266,5941,3031,5674,1876,6636,3153,3214,2925,1249,4576,2974,5637,1983,2672,2337,2445,3179,4888,4059,1302,2141,5505,4953,4352,6200,6127,3320,4040,1276,6653,4210,1370,2947,4839,3808,5854,2822,1563,908,1313,5064,661,3209,3557,4584,3657,3686,3211,4534,3766,2347,5295,3579,3951,1881,2532,758,6001
1793,3525,2542,904,1471,2991,1678,3165,4462,3698,0,1464,2576,3279,3894,4276,2153,4156,3681,1947,4172,3722,1324,3023,2541,2636,3342,2249,2983,2200,3902,1937,1727,4236,4986,2857,3522,2363,903,2604,2112,1029,3163,3550,1329,2926,4234,1867,1478,2831,4254,1108,3077,1506,3290,1147,5579,3663,3880,3685,2446,2586,3321,992,1800,2412,2382,4871,4321,3070,2751,3655,3167,3128,3033,3453,1342,2595,1654,2045,2927,2139,1766,3451,4215,3282,3526,2805,1581,5012,4509,1911,3103,3711,4508,1329,3587,3275,3195,3840,2540,4335,4703,3146,3204,3194,3261,3462,3732,1780,2909,3389,1777,3607,2623,4084,4810,4871,1478,3864,2509,4540,3229,3215,4722,3569,5193,824,2068,1248,3104,2147,3438,2402,5256,4134,4621,3831,1346,3054,4101,1658,2764,3836,2287,1256,3788,2377,4283,4264,2660,3665,3121,788,3229,3331,4547,4576,1153,1983,4838,2907,2887,729,1132,2583,3137,3472,3450
494,3699,1874,2100,2857,3165,1661,3339,4636,3872,1464,0,2077,3260,3875,4422,2299,4302,2356,2558,5126,2397,2588,1809,2686,2617,3323,1465,4162,875,4856,807,1708,4382,4967,2838,3503,2343,1740,2039,1547,851,3144,3253,1732,2209,4215,1373,2007,2812,4235,1666,1960,1258,4244,2033,5560,3115,3332,3666,2427,2567,1995,1074,2720,3023,1185,5553,3384,3051,1426,3108,2702,3739,2587,3434,656,1476,1096,2026,3073,2120,1747,3432,4238,2823,3807,2950,1727,4993,4655,3175,3084,3164,4654,1303,3733,4453,3176,5018,2521,3787,4684,2599,3322,3175,3242,3608,2804,1926,3055,2672,1758,3059,2769,3367,4956,5017,1459,4010,2149,5718,1904,3361,5676,3598,5339,2213,1828,1316,3250,2293,2253,1843,5237,3291,4073,3812,2012,3200,3542,1099,3681,3817,1728,591,3240,2358,4894,4410,2806,3220,3267,1562,3209,3312,4527,4557,1134,1424,4818,4085,1561,1282,1661,2729,3118,3618,2967
1665,4379,2335,3096,3859,3935,2367,4114,5407,4643,2576,2077,0,3083,4579,5288,3320,5167,1910,3579,6147,1330,3609,1861,3467,2168,2129,700,5313,1250,5877,2201,2447,5248,5438,2198,4282,2999,2834,1493,1436,2008,3131,1277,2953,2505,4917,3224,3102,1866,4706,2687,523,1462,5265,3127,6031,1162,1380,2628,2131,3346,1941,2096,3815,4044,1245,6574,2147,2572,669,1155,667,4760,1376,2259,2193,2075,1064,2806,3939,2998,2340,3944,5017,908,4672,3816,2578,5695,5520,4196,3550,1211,5519,2395,4598,5605,3004,6170,3300,1835,5155,646,1607,1809,3934,4474,1232,2947,4076,2483,2106,1107,3634,2123,5823,5883,2238,4875,848,6870,1341,4226,6697,4378,6204,3323,3678,2745,4115,3141,957,3394,5708,1633,2121,4225,3106,4098,2374,2761,4702,4519,3298,2587,1287,3137,5915,5275,3672,1281,4132,2583,3622,2055,5229,5187,1897,2771,5520,5236,1173,2384,2755,3750,3897,4484,2741
3601,2039,4499,3493,4562,2386,2053,1976,3419,3737,3279,3260,3083,0,1889,4058,3041,3835,4479,3742,5290,3899,3890,4599,2059,2102,1066,3309,4881,3881,5020,3753,2324,3996,2748,1625,1915,1923,3545,2831,3133,2747,441,2092,3664,4886,2227,3946,3812,1837,2016,2965,3320,2916,4389,3838,3341,3731,2674,752,2436,1195,4597,2762,4525,3764,3850,5659,4716,1653,3606,3161,3236,3877,2142,984,3158,4422,3064,1875,3008,1993,2297,1254,2345,2834,3741,2544,2425,3005,4269,4416,860,2505,4435,2745,3098,5072,696,5637,990,3443,2465,3186,1745,1701,1244,2626,3801,2844,3192,5052,2374,3463,2181,4691,3133,3715,2269,3957,2914,6088,3997,2189,5840,2010,5087,4016,4403,3467,3198,2210,3613,4361,3018,4202,3415,1535,3816,3167,4942,3618,3854,1829,4247,3216,3856,1482,5000,4496,2741,2353,3201,3176,932,1478,2539,2497,2555,3942,2830,4704,3911,3094,3466,2924,1598,3553,5310
4215,1148,5114,3870,4210,1406,2655,1684,2282,2989,3894,3875,4579,1889,0,2800,3153,2576,5974,3448,4510,5395,4074,5500,2515,3598,2562,4208,4100,4430,4239,4303,2873,2738,1413,3121,920,2690,4094,3922,3682,3296,1726,3588,4213,5435,991,4495,4361,3332,681,3395,4815,3465,3608,4387,2006,5227,4170,2248,3592,1508,5686,3311,4573,2983,4342,4512,6212,3149,4816,4657,4731,3097,3638,2480,3707,4972,3613,2415,2238,2573,2846,725,1086,4329,2960,1504,2974,1769,3011,3940,1709,4000,3177,3294,1840,4291,2240,4856,1621,4939,1131,4681,3241,3197,953,1657,5296,3104,2411,5898,2923,4958,2029,6187,1898,2480,2818,2905,4409,5308,5493,1174,5060,864,3829,4447,4952,4016,2229,2675,5109,4910,1684,5698,4911,627,4366,2386,6438,4167,3073,578,4796,3765,5352,1980,4219,3444,1910,3848,2420,3743,1423,2974,1304,1163,3104,4492,1595,3923,5252,3644,4015,2648,1447,2753,5959
4763,2647,5661,3926,3985,2338,3352,2777,1743,1661,4276,4422,5288,4058,2800,0,3223,792,6730,3221,3337,6537,3847,6183,2704,4530,4754,4956,3898,5249,2436,4985,3621,1494,3697,4750,2604,3516,4670,4669,4430,3962,3918,5444,4789,6118,2211,5178,4937,4725,3185,3501,5784,4213,2648,4678,3924,6370,6026,4440,4340,3633,6369,3667,4370,2756,5089,1689,7513,4943,5563,6362,5874,2140,5494,4672,4390,5654,4361,2890,1568,3307,3581,2981,2069,5989,1718,2220,3294,3401,1767,3738,3862,5856,383,3540,1052,3837,4292,3502,3637,6795,3463,5853,5097,5088,3197,1826,6439,3210,2473,6581,3671,6314,2516,7276,2166,2129,3565,409,5216,3520,6277,2309,2773,2627,1068,4553,5528,4699,1193,2781,6145,5593,3968,6841,6767,3140,4942,2483,7293,4850,2743,2598,5479,4448,6495,3462,1664,904,2071,5704,1795,3849,3616,5166,2709,3316,3852,5175,2681,3720,5935,4220,4591,2739,2892,1055,6642
2639,2446,3538,1802,2271,1911,1229,2245,3368,2016,2153,2299,3320,3041,3153,3223,0,3034,4533,1010,3128,4574,1636,3987,1571,2565,3270,2985,2650,3053,2857,2789,1656,3114,4213,2785,2482,2157,2474,2704,2465,1766,2902,3479,2593,3922,3405,2982,2741,2760,3481,1305,3813,2242,2226,2767,4806,4399,4061,3424,2375,2312,4173,1471,2739,1129,3119,3528,5317,2998,3603,4392,3903,1714,3529,3381,2194,3458,2390,1532,1805,1949,1694,3178,3092,4018,1660,1705,1098,4255,3387,2007,2842,3891,3266,1344,2465,2841,2934,3406,2279,4830,3931,3883,3132,3123,2977,2340,4468,857,756,4385,1706,4343,1610,5080,3688,3749,1645,2742,3246,3925,4081,2115,3678,2469,3967,2245,3332,2503,1982,1168,4175,3397,4484,4870,4802,3452,2745,901,5097,2653,1623,3079,3283,2252,4524,2104,2869,2430,1418,3739,1434,1653,2967,3259,3789,3818,1736,2978,4080,2473,3739,2023,2395,666,2608,2169,4445
4642,2471,5541,3806,4122,2219,3232,2731,1150,2453,4156,4302,5167,3835,2576,792,3034,0,6582,3392,3706,6390,4018,6035,2557,4382,4565,4808,4044,5101,2804,4838,3473,858,3061,4603,2226,3368,4523,4522,4282,3814,3729,5296,4641,5970,2022,5030,4790,4577,2996,3354,5636,4065,2993,4824,3288,6222,5878,4251,4192,3255,6222,3520,4517,2927,4942,1935,7365,4795,5416,6215,5726,2508,5347,4483,4242,5507,4213,2742,1743,3160,3433,2792,1740,5842,2385,2073,3146,2765,1131,3884,3670,5709,752,3393,884,4182,4145,3871,3368,6648,2827,5706,4950,4940,2819,1745,6292,3062,2355,6433,3523,6167,2369,7128,1619,1493,3418,1196,5069,3889,6130,2227,3141,2249,1315,4405,5380,4552,1276,2633,5998,5446,3331,6693,6619,2951,4794,2330,7145,4702,3017,2409,5331,4300,6347,3315,2032,1706,1923,5557,2407,3701,3427,4977,2073,2711,3704,5027,2045,3867,5787,4072,4444,2592,2810,1800,6494
1944,5916,1113,4317,5074,5382,3878,5556,6853,6089,3681,2356,1910,4479,5974,6730,4533,6582,0,4647,7216,574,4677,908,4776,3531,3491,2548,6251,1580,6945,2048,3798,6472,6800,3561,5593,4538,3829,3410,2918,2940,4494,2640,3706,1158,6280,3104,3952,3228,6068,3755,1807,2892,6333,4122,7393,1542,2742,3991,3841,4656,490,3164,4810,5112,2093,7642,1028,3934,1906,2446,1208,5829,3149,3622,2731,1613,2460,4116,5163,4209,3880,5306,6398,2350,5896,5040,3816,7058,6744,5264,4912,2574,6743,3392,5822,6543,4367,7107,4610,2573,6518,2088,2970,3172,5297,5698,910,4015,5144,716,3645,2006,4858,1083,7046,7107,3548,6099,2621,7808,909,5450,7766,5688,7428,4303,3340,3266,5339,4382,1295,2769,7071,1018,3428,5587,4101,5289,1334,2343,5770,5882,1951,2668,1734,4447,6984,6499,4896,2644,5356,3651,4985,3418,6592,6550,3223,1859,6883,6174,1225,3371,3750,4819,5207,5708,1129
2898,2741,3797,1067,1287,2207,1754,2682,3663,1848,1947,2558,3579,3742,3448,3221,1010,3392,4647,0,2569,4795,625,4207,2268,3064,3769,3206,2145,3273,2298,3010,2155,3442,4542,3284,2810,2790,2299,3203,2964,1986,3571,3978,2813,4142,3733,3202,2962,3259,3810,1389,4034,2463,1686,1948,5135,4620,4560,4092,2874,2969,4393,1692,1728,465,3339,2995,5537,3497,3824,4612,4124,1182,3990,3880,2414,3679,2611,2188,2133,2546,2193,3546,3421,4239,1579,2033,1597,4583,3715,1057,3510,4390,2911,1843,2793,2336,3602,2914,2947,5292,4259,4103,3631,3622,3306,2669,4689,1377,1186,4605,2205,4564,2336,5300,4016,4077,2144,2897,3466,3367,4302,2444,3119,2798,3612,1331,3552,2724,2310,1928,4395,3618,4812,5091,5301,3780,2683,1203,5317,2874,1123,3407,3503,2472,4745,2760,2337,2307,1773,4239,1724,1825,3636,3758,4117,4146,2119,3199,4408,1967,3959,2244,2616,1626,2992,2459,4666
5467,3802,6365,3348,2972,3268,4286,3743,4743,2176,4172,5126,6147,5290,4510,3337,3128,3706,7216,2569,0,7437,2956,6849,3622,5447,5952,5847,1689,5915,1098,5652,4539,4428,5639,5668,3908,4433,3939,5587,5348,4628,5178,6362,4915,6784,4831,5452,5063,5642,4907,4031,6675,5105,977,3588,6232,7261,6944,5700,5258,4588,7035,4334,3280,2176,5981,2068,8179,5861,6466,7254,6766,1523,6412,5736,5056,6321,5252,3808,3193,4225,4499,4644,4518,6881,1993,3131,4212,5681,3991,2647,5060,6774,2981,4458,3891,1111,5210,552,4555,7713,5357,6745,6015,6006,4404,3766,7331,4005,2424,7247,4589,7206,3434,7942,5114,5063,4483,3310,6108,1088,6944,3541,1362,3895,3098,3627,5654,5131,3408,3699,7037,6259,5910,7732,7685,4878,4324,2285,7959,5516,1748,4505,6145,5114,7386,4380,1815,2721,2871,6622,2446,4251,5115,6142,5215,5244,4761,5841,5506,1719,6601,4791,4669,3343,4090,2980,7308
1985,5591,1683,4358,5115,5190,3621,5368,6661,5897,3722,2397,1330,3899,5395,6537,4574,6390,574,4795,7437,0,4768,1346,4791,2983,2943,2025,6342,1670,7036,2138,3771,6562,6252,3013,5419,4119,3920,2818,2760,3031,3946,2092,3906,1742,5732,3447,4187,2680,5520,3846,1372,2787,6424,4213,6845,1147,2194,3443,3293,4700,995,3254,4900,5203,2184,7733,1425,3386,1488,1970,661,5919,2601,3074,2821,1874,2388,4130,5253,4221,3665,4758,5850,1802,5987,5130,3907,6510,6835,5355,4364,2026,6834,3483,5913,6633,3819,7198,4495,2115,5970,1540,2422,2624,4749,5788,407,4106,5235,1299,3430,1580,4949,1400,6638,7220,3562,6190,2073,7898,512,5541,7856,5515,7519,4393,3745,3496,5430,4473,899,3352,6523,894,2970,5040,4192,5380,1651,2698,5861,5334,2534,2759,1276,4462,7074,6590,4986,2096,5447,3742,4437,2870,6044,6002,3222,2442,6335,6265,829,3462,3841,4909,5103,5798,1713
2928,3366,3827,501,863,2832,1902,3086,4289,2473,1324,2588,3609,3890,4074,3847,1636,4018,4677,625,2956,4768,0,4282,2434,3230,3936,3280,1742,3348,2615,3085,2321,4065,5164,3451,3433,2957,1757,3370,3130,2061,3737,4144,2633,4217,4355,3171,2782,3425,4432,1281,4109,2538,2003,1520,5757,4694,4726,4259,3040,3135,4468,1767,1301,1088,3414,3584,5612,3664,3899,4687,4199,1804,4064,4047,2489,3754,2686,2354,2756,2713,2360,4000,4043,4314,2202,2656,1763,5206,4338,624,3676,4557,3534,2025,3416,2033,3769,2598,3114,5367,4882,4178,3798,3788,3810,3291,4764,1544,1809,4680,2371,4639,2517,5375,4639,4700,2310,3519,3541,3298,4377,3066,3435,3420,4235,705,3372,2573,2933,2041,4470,3692,5435,5165,5467,4403,2142,1825,5392,2949,1477,4030,3578,2547,4819,2926,2959,2930,2396,4405,2346,1329,3802,3925,4740,4769,2194,3274,5031,1665,4034,2033,2426,2248,3514,3081,4741
1397,5369,600,3770,4416,4835,3331,5009,6306,5543,3023,1809,1861,4599,5500,6183,3987,6035,908,4207,6849,1346,4282,0,4214,3717,3677,1986,5689,1018,6383,1486,3236,5910,6494,3746,5031,3977,3268,2848,2356,2378,4679,2826,3033,727,5743,2431,3279,3414,5762,3193,1364,2331,5771,3560,7087,2464,2928,4177,3549,4094,546,2602,4248,4550,1531,7080,1934,4120,1345,2704,1819,5267,3107,3808,2169,924,1898,3554,4601,3647,3318,4960,5766,2536,5334,4478,3255,6521,6183,4702,4611,2760,6182,2831,5260,5981,4553,6545,4048,3297,6212,2195,3156,3358,4769,5136,1759,3454,4583,1190,3083,2569,4296,1885,6484,6545,2987,5537,2665,7246,921,4888,7204,5126,6867,3741,2667,2594,4778,3821,1271,2096,6765,1925,3669,5340,3539,4728,2139,1671,5208,5345,1520,2106,2612,3886,6422,5938,4334,2830,4794,3090,4737,3604,6055,6084,2661,1186,6346,5612,701,2810,3189,4257,4645,5146,1486
3027,1807,3926,2190,3170,1273,1540,1033,2828,2064,2541,2686,3467,2059,2515,2704,1571,2557,4776,2268,3622,4791,2434,4214,0,2701,2767,3127,3192,3348,3331,3147,1792,2627,3606,2921,1874,1604,2831,2840,2601,2123,1931,3615,2950,4279,2906,3339,3099,2896,2874,1663,3955,2384,2700,3124,4199,4541,4197,2453,2511,1267,4530,1829,3618,2074,3261,3969,5525,2952,3735,4533,4045,2188,3665,2685,2551,3816,2532,1061,1318,1478,1752,2122,2546,4160,2052,1097,1455,3684,2900,2947,1871,4027,2899,1702,1978,3383,2305,3948,1418,4966,3323,4024,3268,3259,1932,1859,4610,1371,1502,4742,1842,4485,508,5437,3201,3262,1737,2255,3387,4399,4439,1508,4151,1862,3584,2714,3689,2861,1495,942,4316,3755,3876,5012,4938,2494,3103,1478,5454,3011,2165,2508,3640,2609,4666,1132,3311,2655,1051,3876,1512,2010,1997,3179,3218,3247,2023,3336,3509,3014,4096,2381,2753,1205,1455,1863,4803
2891,3626,3856,2869,3919,3182,1569,3361,4653,3889,2636,2617,2168,2102,3598,4530,2565,4382,3531,3064,5447,2983,3230,3717,2701,0,1133,1919,4879,2755,5148,3086,1157,4445,4442,511,3480,1466,2878,1001,1527,2080,2135,1205,2997,4219,3922,3279,3145,486,3710,2311,2433,2249,4517,3171,5035,2844,1787,1633,639,2543,3711,2095,3858,3558,2460,5787,3829,809,2630,2274,2349,4006,1255,1264,2491,3797,1965,2003,3136,1567,1112,2948,4039,1947,3870,3013,1770,4700,4718,3761,2554,1618,4717,2090,3795,5170,1788,5735,2519,2556,4160,2299,858,849,2939,3671,2914,2190,3319,4165,1184,2576,2831,3804,4828,5080,1602,4073,1841,6217,3110,3423,5969,3575,5402,3362,3736,2800,3313,2338,2726,3694,4713,3315,2528,3229,3149,3296,4055,2950,3982,3524,3580,2549,2969,2335,5128,4473,2869,1466,3329,2522,2627,986,4234,4192,1888,3275,4525,4802,3024,2427,2799,2993,3094,3681,4423
3510,2758,4195,3575,4625,3106,2274,2695,4139,4394,3342,3323,2129,1066,2562,4754,3270,4565,3491,3769,5952,2943,3936,3677,2767,1133,0,2333,5560,3211,5699,3788,1858,4684,3435,649,2602,1524,3579,1855,2381,2781,1128,1116,3698,4267,2914,3980,3846,861,2703,3012,2344,2950,5068,3872,4028,2755,1698,626,1445,1882,3622,2796,4559,4259,2874,6338,3740,659,2630,2185,2260,4556,1166,256,3192,3837,2693,2554,3687,1937,1814,1941,3032,1858,4420,3232,2472,3692,4956,4462,1547,1529,5122,2792,3786,5751,1001,6316,1677,2467,3152,2210,769,725,1931,3313,2825,2891,3871,4076,1885,2487,2868,3715,3820,4402,2303,4645,1938,6767,3021,2876,6520,2697,5774,4063,4437,3501,3885,2889,2638,4395,3705,3226,2439,2222,3851,3846,3966,3652,4533,2516,4281,3250,2880,2169,5679,5023,3420,1377,3880,3223,1619,503,3226,3184,2589,3977,3517,5383,2935,3129,3500,3603,2285,4232,4334
1203,4052,2504,2768,3532,3608,2039,3787,5079,4315,2249,1465,700,3309,4208,4956,2985,4808,2548,3206,5847,2025,3280,1986,3127,1919,2333,0,4939,956,5503,1884,2027,4873,5372,2134,3908,2579,2460,1073,1016,1634,3387,1865,2579,2713,4620,2741,2727,2108,4640,2313,1189,1088,4891,2753,5965,1775,1992,2884,1710,2972,2255,1721,3440,3670,595,6200,2760,2471,740,1768,1279,4386,1198,2515,1818,1998,689,2431,3564,2578,1920,3837,4643,1435,4298,3442,2204,5398,5146,3822,3489,1824,5145,2020,4224,5231,3260,5795,2926,2447,5089,1259,1934,2065,3647,4099,1845,2573,3702,3177,1685,1720,3260,2735,5447,5508,1864,4501,761,6496,1724,3852,6323,4003,5830,2949,3195,2371,3741,2767,1609,3230,5642,2246,2733,4217,2732,3724,2986,2453,4328,4222,3096,1937,1900,2763,5541,4901,3297,1831,3758,2209,3614,2311,4932,4962,1523,2607,5224,4862,1381,2010,2381,3376,3523,4109,3354
4502,3393,5250,2205,1539,2859,3545,3334,4315,2524,2983,4162,5313,4881,4100,3898,2650,4044,6251,2145,1689,6342,1742,5689,3192,4879,5560,4939,0,5083,2372,4820,4020,4182,5276,5149,3545,4070,2604,5068,4828,3796,4815,5843,3580,5798,4471,4117,3728,5123,4544,3067,5844,4273,1761,2252,5869,6429,6425,5336,4739,4225,6203,3502,1749,1794,5149,3342,7192,5362,5634,6422,5934,1939,5799,5373,4224,5466,4420,3444,2868,3862,4058,4281,4158,6049,2337,2768,3462,5317,4455,1291,4696,6255,3669,3708,3533,669,4846,1233,4192,7101,4993,5913,5496,5486,4040,3403,6499,3242,2033,6261,4070,6374,3071,6956,4754,4817,4009,3655,5276,1934,6112,3178,2699,3532,4373,2385,4319,3796,3045,3335,6205,4992,5546,6900,7166,4514,2948,1937,6973,4529,1528,4141,5159,4128,6554,4016,3090,3065,2507,6103,2458,3115,4751,5623,4851,4881,3929,4854,5143,626,5769,3455,3333,2953,3726,3193,6321
463,4274,1536,2836,3593,3901,2261,4075,5372,4609,2200,875,1250,3881,4430,5249,3053,5101,1580,3273,5915,1670,3348,1018,3348,2755,3211,956,5083,0,5575,1014,2407,5107,5596,2954,4133,2959,2459,1830,1338,1570,3774,2376,2446,1753,4845,2087,2727,2929,4864,2385,1106,1313,4963,2752,6189,2261,2478,3727,2531,3196,1295,1794,3440,3742,513,6272,2683,3291,572,2254,1848,4459,2089,3358,1361,1042,880,2656,3793,2749,2300,4062,4867,2132,4526,3670,2447,5623,5380,3894,3713,2310,5373,2023,4458,5173,3805,5737,3150,2933,5314,1745,2706,2908,3871,4328,2104,2646,3774,2216,2065,2205,3488,2739,5679,5742,2089,4729,1652,6438,1203,4080,6396,4228,6058,2933,2512,2036,3970,3012,1451,2274,5867,2590,3219,4442,2731,3920,2990,1641,4400,4447,2223,1298,2386,2988,5614,5129,3526,2380,3986,2282,3839,3154,5157,5186,1748,1651,5448,4804,861,2001,2381,3449,3747,4338,2512
5196,3532,6095,3078,2688,2998,4016,3473,3841,1906,3902,4856,5877,5020,4239,2436,2857,2804,6945,2298,1098,7036,2615,6383,3331,5148,5699,5503,2372,5575,0,5286,4174,3558,5274,5303,3543,4068,3717,5222,4982,4263,4813,5997,4693,6419,4469,5230,4841,5277,4542,3666,6310,4739,612,3366,5865,6896,6578,5335,4893,4223,6670,3968,3058,1811,5616,1198,7814,5496,6100,6889,6400,1158,6047,5371,4691,5955,4887,3443,2828,3860,4133,4279,4157,6515,1628,2766,3846,5316,3121,2453,4695,6409,2111,4093,3549,1791,4845,1388,4190,7348,4992,6380,5650,5640,4038,3401,6966,3640,2058,6882,4224,6841,3069,7577,4320,4193,4118,2520,5743,1525,6578,3176,1049,3530,2229,3261,5432,5000,3043,3334,6672,5894,5545,7367,7320,4513,4101,1920,7594,5151,1382,4140,5780,4749,7021,4015,945,1842,2506,6257,2081,3885,4750,5777,4773,4879,4396,5476,4745,2025,6236,4521,4446,2978,3725,2614,6943
715,4172,1301,2573,3329,3638,2134,3812,5109,4345,1937,807,2201,3753,4303,4985,2789,4838,2048,3010,5652,2138,3085,1486,3147,3086,3788,1884,4820,1014,5286,0,2190,4869,5448,3319,3984,2825,2221,2721,2229,1332,3625,3377,2044,1676,4696,1506,2421,3293,4716,2147,1915,1735,4725,2514,6041,3260,3480,4147,2909,3048,1756,1556,3201,3504,1481,6034,3071,3532,1501,3255,2658,4220,3057,3915,1122,900,1770,2507,3554,2601,2228,3913,4719,3061,4288,3432,2208,5474,5142,3656,3565,3311,5135,1784,4219,4934,3657,5499,3002,3934,5165,2746,3707,3656,3723,4089,2565,2407,3536,2139,2240,3207,3250,2834,5441,5504,1940,4491,2619,6199,1664,3842,6157,4080,5820,2695,1934,1646,3731,2774,2014,1713,5718,3052,4221,4294,2493,3681,3088,939,4162,4299,1662,1060,3385,2839,5375,4891,3287,3381,3748,2043,3691,3793,5009,5038,1615,1087,5300,4566,1322,1763,2142,3210,3599,4099,2435
2049,2717,2947,1961,3010,2273,660,2452,3745,2981,1727,1708,2447,2324,2873,3621,1656,3473,3798,2155,4539,3771,2321,3236,1792,1157,1858,2027,4020,2407,4174,2190,0,3486,3979,1395,2516,900,1914,1314,1074,1116,2157,2088,2033,3255,3228,2315,2181,1369,3247,1347,2853,1285,3553,2207,4572,3438,2670,2422,984,1579,3506,1131,2894,2594,2265,4823,4423,1607,2657,3157,2943,3042,2138,1991,1527,2791,1474,1039,2172,1006,304,2444,3250,2830,2906,2049,806,4006,3759,2797,2096,2501,3753,1126,2837,4206,2098,4771,1533,3440,3697,2922,1742,1732,2254,2707,3508,1226,2355,3718,315,3383,1867,4398,4058,4121,702,3109,2285,5253,3414,2459,5005,2611,4438,2398,2772,1836,2349,1374,3214,2730,4250,3909,3411,2825,2185,2332,4430,1986,3018,2830,2616,1585,3563,1371,4164,3509,1905,2349,2365,1558,2222,1869,3540,3569,924,2311,3831,3838,3072,1463,1835,2029,2130,2717,3778
4723,2551,5621,3886,4203,2299,3312,2811,679,2579,4236,4382,5248,3996,2738,1494,3114,858,6472,3442,4428,6562,4065,5910,2627,4445,4684,4873,4182,5107,3558,4869,3486,0,2817,4655,2278,3420,4575,4574,4334,3867,3878,5349,4694,6023,1887,5083,4842,4629,2845,3406,5688,4118,3604,4877,3085,6274,5931,4400,4245,3307,6274,3572,4569,2979,4994,2609,7417,4848,5468,6267,5779,3093,5399,4631,4295,5559,4265,2795,1795,3212,3485,2874,1792,5894,2886,2125,3199,2521,904,3936,3722,5761,1425,3445,1030,4287,4197,4544,3421,6700,2583,5758,5002,4992,2871,1797,6344,3115,2407,6486,3576,6219,2421,7181,1264,1249,3470,1870,5121,4562,6182,2280,3815,2301,1722,4457,5433,4604,1328,2686,6050,5498,3087,6745,6672,3033,4846,2383,7198,4754,3069,2492,5384,4353,6399,3367,2706,2379,1976,5609,2459,3754,3582,5126,1829,2467,3756,5079,1801,3919,5840,4124,4496,2644,2862,1853,6546
5307,2240,6206,4962,5302,2498,3747,2776,2601,4081,4986,4967,5438,2748,1413,3697,4213,3061,6800,4542,5639,6252,5164,6494,3606,4442,3435,5372,5276,5596,5274,5448,3979,2817,0,3989,2047,3639,5221,5049,4809,4423,2595,4456,5340,6562,1754,5622,5489,4201,992,4523,5684,4593,4736,5514,818,6095,5038,3116,4800,2635,6962,4439,5700,4110,5469,4840,7080,4017,5970,5525,5600,4224,4506,3348,4834,6099,4740,3542,3365,3729,3974,1725,2214,5198,4088,2631,4102,863,3234,5068,2577,4869,3656,4422,2967,5419,3109,5984,2726,5807,586,5550,4109,4065,2081,2785,6165,4231,3538,7025,4051,5827,3156,7055,2060,1900,3945,4032,5278,6435,6361,2301,5851,1992,4052,5574,6079,5144,3357,3802,5977,6038,495,6566,5779,1495,5493,3514,7306,5294,4201,1693,5923,4892,6220,3108,4937,4571,3037,4717,3547,4870,2292,3842,1267,941,4231,5619,1060,5050,6275,4771,5143,3775,2574,3881,7086
3111,3317,4077,3090,4140,3402,1789,3254,4698,4110,2857,2838,2198,1625,3121,4750,2785,4603,3561,3284,5668,3013,3451,3746,2921,511,649,2134,5149,2954,5303,3319,1395,4655,3989,0,3128,1494,3094,1217,1744,2296,1654,1230,3213,4381,3440,3495,3362,511,3229,2527,2458,2465,4734,3387,4554,2869,1812,1152,855,2408,3735,2311,4075,3774,2677,6003,3854,374,2744,2299,2374,4222,1280,782,2707,3951,2181,2219,3352,1784,1329,2467,3558,1972,4086,3229,1987,4218,4940,3978,2073,1643,4933,2307,4017,5387,1368,5951,2203,2581,3678,2324,883,874,2457,3839,2939,2406,3535,4190,1401,2600,3048,3829,4346,4928,1818,4289,2052,6433,3135,3402,6185,3223,5618,3578,3952,3016,3529,2555,2751,3910,4231,3340,2553,2748,3366,3512,4080,3167,4199,3042,3796,2765,2994,2537,5345,4689,3085,1491,3546,2738,2145,613,3752,3710,2104,3492,4043,5018,3049,2644,3015,3209,2811,3897,4448
3844,482,4742,3231,3571,767,2283,1164,2452,2350,3522,3503,4282,1915,920,2604,2482,2226,5593,2810,3908,5419,3433,5031,1874,3480,2602,3908,3545,4133,3543,3984,2516,2278,2047,3128,0,2348,3752,3580,3340,2954,1737,3598,3871,5093,1290,4153,4019,3343,1294,2772,4694,3123,2984,4045,2619,5237,4180,2258,3250,1166,5344,2938,3949,2359,4000,4081,6222,3159,4474,4667,4741,2473,3648,2490,3365,4629,3271,2073,1614,2231,2504,970,836,4340,2337,880,2564,2068,2593,3316,1580,4010,2896,2811,1662,3668,2270,4232,1279,4949,1744,4692,3251,3207,729,1034,5307,2480,1787,5556,2581,4968,1405,6197,2196,2778,2476,2252,4127,4684,5252,550,4436,197,3411,3823,4610,3674,1492,2051,5119,4568,2297,5708,4921,1265,4023,1763,6268,3825,2449,892,4454,3423,5362,1638,3595,2791,1286,3859,1796,3119,1440,2984,1602,1631,2762,4149,1893,3299,4910,3301,3673,2024,962,2016,5617
2684,2534,3583,2596,3646,2168,1295,2232,3639,2875,2363,2343,2999,1923,2690,3516,2157,3368,4538,2790,4433,4119,2957,3977,1604,1466,1524,2579,4070,2959,4068,2825,900,3420,3639,1494,2348,0,2587,1892,1652,1788,1772,2304,2706,3927,3186,2988,2854,1585,2921,2020,3430,1958,3544,2879,4246,3943,2886,1521,1200,1372,4225,1804,3567,2919,2843,4814,4928,1427,3235,3373,3447,3033,2354,1303,2200,3464,2051,1030,2163,413,784,2159,3208,3046,2897,2040,1479,3964,3750,3470,1711,2716,3744,1799,2828,4228,1198,4792,1149,3655,3371,3398,1957,1948,2150,2698,4013,1899,2347,4391,893,3674,1859,4903,4092,4112,1311,3100,2786,5244,4134,2450,4996,2569,4429,3071,3445,2509,2340,1365,3792,3403,3924,4414,3627,2440,2858,2323,5103,2659,3009,2788,3289,2258,4068,1108,4155,3500,1896,2565,2356,2231,1837,1952,3498,3403,1597,2984,3789,3859,3791,2136,2508,2080,2088,2708,4451
2080,3857,2829,1365,1094,3322,1925,3496,4794,3656,903,1740,2834,3545,4094,4670,2474,4523,3829,2299,3939,3920,1757,3268,2831,2878,3579,2460,2604,2459,3717,2221,1914,4575,5221,3094,3752,2587,0,2857,2365,1282,3416,3803,1040,3257,4487,1577,1188,3084,4507,1729,3329,1759,3046,380,5831,3915,4133,3938,2699,2838,3652,1278,1068,2617,2635,4628,4652,3322,3082,3908,3420,2936,3285,3705,1673,2926,1906,2298,3237,2392,2019,3704,4510,3535,3333,3114,1890,5265,4824,1665,3355,3964,4665,1581,3902,2801,3447,3366,2793,4587,4956,3399,3456,3447,3514,3772,3985,2089,3029,3720,2030,3860,2932,4416,5123,5186,1731,4173,2762,4066,3560,3524,4478,3870,5366,1248,1778,1255,3413,2456,3691,2452,5509,4386,4874,4084,444,2933,4433,1989,2524,4089,2619,1587,4040,2630,4091,4061,2970,3918,3454,1482,3481,3584,4799,4828,1405,2314,5090,2432,3218,915,793,2892,3389,3782,3781
1987,3766,3367,3009,3887,3322,1708,3500,4793,4029,2604,2039,1493,2831,3922,4669,2704,4522,3410,3203,5587,2818,3370,2848,2840,1001,1855,1073,5068,1830,5222,2721,1314,4574,5049,1217,3580,1892,2857,0,527,2061,2883,1923,3007,3596,4421,3277,3155,1204,4458,2540,1964,1516,4779,3180,5783,2550,2505,2381,806,2772,3138,2149,3868,3787,1599,6048,3535,1567,1769,2542,2054,4267,1262,2012,2246,2885,964,2264,3397,1937,1279,3637,4443,2169,4131,3274,1999,5199,4985,3990,3289,2336,4978,2319,4062,5399,2545,5964,2726,3222,4908,2033,1576,1567,3447,3932,2619,2419,3548,3871,1044,2494,3093,3510,5284,5347,1831,4334,1397,6478,2752,3685,6230,3804,5663,3376,3732,2799,3574,2600,2326,3693,5461,3021,3246,3977,3159,3557,3761,2949,4244,4023,3578,2530,2675,2563,5390,4734,3130,2184,3591,2637,3374,1703,4733,4762,1951,3274,5024,5031,2410,2437,2809,3222,3323,3942,4128
1495,3526,2875,2632,3395,3082,1469,3261,4553,3790,2112,1547,1436,3133,3682,4430,2465,4282,2918,2964,5348,2760,3130,2356,2601,1527,2381,1016,4828,1338,4982,2229,1074,4334,4809,1744,3340,1652,2365,527,0,1555,3123,2433,2500,3090,4194,2771,2649,1714,4213,2234,1931,1010,4552,2674,5538,2517,2734,2891,1316,2545,2632,1643,3362,3591,1249,5822,3502,2077,1736,2510,2021,4040,1772,2522,1740,2379,458,2037,3170,1710,1052,3411,4217,2136,3904,3048,1772,4972,4758,3743,3062,2566,4751,1942,3835,5152,2909,5717,2500,3189,4663,2001,2087,2077,3220,3706,2587,2192,3321,3553,818,2461,2866,3477,5057,5120,1604,4107,1364,6251,2540,3458,6003,3577,5436,2870,3225,2293,3347,2373,2293,3187,5216,2988,3475,3791,2653,3330,3728,2443,4017,3796,3072,2023,2642,2337,5163,4507,2904,2520,3364,2131,3188,2214,4506,4535,1445,2768,4797,4784,2198,1931,2303,2995,3096,3716,3849
1191,3148,2081,1549,2312,2614,1127,2788,4086,3322,1029,851,2008,2747,3296,3962,1766,3814,2940,1986,4628,3031,2061,2378,2123,2080,2781,1634,3796,1570,4263,1332,1116,3867,4423,2296,2954,1788,1282,2061,1555,0,2626,3013,1504,2429,3697,1489,1590,2294,3717,1175,2571,1000,3753,1615,5041,3157,3374,3148,1909,2048,2685,584,2303,2532,1922,5062,3824,2532,2116,3149,2661,3249,2527,2915,706,1971,1148,1508,2583,1602,1229,2914,3720,2776,3316,2460,1237,4475,4170,2684,2565,3205,4163,785,3248,4093,2657,4658,2003,3829,4166,2640,2666,2657,2724,3118,3226,1436,2564,2892,1240,3101,2278,3587,4469,4532,941,3519,2003,5358,2594,2870,5186,3080,4848,1811,1944,1011,2760,1802,2944,1905,4719,3628,4115,3294,1594,2710,3604,1161,3190,3299,1790,759,3282,1840,4404,3919,2316,3159,2776,1071,2691,2794,4009,4038,615,1486,4300,3725,2251,872,1244,2239,2599,3128,2953
3484,1923,4383,3376,4446,2270,1936,1860,3303,3620,3163,3144,3131,441,1726,3918,2902,3729,4494,3571,5178,3946,3737,4679,1931,2135,1128,3387,4815,3774,4813,3625,2157,3878,2595,1654,1737,1772,3416,2883,3123,2626,0,2240,3596,4818,2159,3878,3744,1984,1948,2898,3467,2848,4321,3770,3273,3879,2822,900,2584,1127,4745,2694,4457,3696,3725,5591,4864,1801,3754,3309,3383,3810,2290,1132,3090,4355,2996,1807,2940,1925,2229,1186,2277,2982,3674,2477,2357,2937,4202,4348,792,2652,4367,2677,3031,5005,904,5569,923,3591,2397,3333,1893,1849,1177,2558,3948,2777,3124,5200,2306,3610,2113,4839,3065,3647,2201,3890,3061,6021,4145,2121,5773,1942,5020,3949,4335,3399,3130,2142,3761,4293,2950,4350,3563,1467,3749,3100,5090,3550,3786,1761,4179,3148,4004,1414,4932,4429,2673,2501,3133,3109,864,1626,2471,2430,2487,3875,2762,4636,4059,3027,3398,2857,1530,3485,5342
2817,3784,3344,3784,4834,4131,2483,3721,5165,4804,3550,3253,1277,2092,3588,5444,3479,5296,2640,3978,6362,2092,4144,2826,3615,1205,1116,1865,5843,2376,5997,3377,2088,5349,4456,1230,3598,2304,3803,1923,2433,3013,2240,0,3824,3449,3905,4106,3972,853,3694,3138,1525,2571,5344,3997,5019,1937,880,1616,1466,2873,2803,2922,4685,4385,2354,6614,2922,1559,1812,1367,1441,4833,1160,1247,3302,3019,2173,2830,3963,2394,1939,2931,4023,1039,4696,3840,2597,4683,5550,4588,2538,710,5544,2917,4628,5997,1992,6562,2668,1649,4143,1391,595,797,2922,4304,2006,3017,4146,3258,2011,1668,3658,2897,4811,5393,2429,4899,1208,7044,2203,3867,6796,3688,6229,4189,4563,3627,4140,3165,1819,4617,4696,2408,1621,3213,3976,4123,3148,3777,4809,3507,4241,3376,2062,3160,5955,5300,3696,558,4156,3349,2610,1043,4217,4175,2715,3843,4508,5629,2117,3254,3626,3820,3276,4508,3515
2067,3975,2570,2212,2070,3441,2044,3615,4913,4149,1329,1732,2953,3664,4213,4789,2593,4641,3706,2813,4915,3906,2633,3033,2950,2997,3698,2579,3580,2446,4693,2044,2033,4694,5340,3213,3871,2706,1040,3007,2500,1504,3596,3824,0,2935,4659,715,876,3256,4679,2001,3582,1931,4028,1362,6004,4087,4305,4110,2871,3010,3471,1450,2050,3358,2844,5610,4330,3494,3048,4080,3592,3918,3457,3877,1631,2659,2078,2470,3409,2564,2191,3876,4682,3707,4142,3286,2062,5437,4996,2647,3527,4136,4989,1753,4074,3783,3619,4348,2965,4759,5128,3571,3628,3619,3686,3944,4157,2261,3390,3398,2202,4032,3104,4093,5295,5358,1903,4345,2934,5048,3526,3696,5460,4042,5674,2143,942,697,3585,2628,3876,1615,5681,4558,5046,4256,1402,3535,4110,1464,3506,4261,2296,1270,4212,2802,5073,4745,3142,4090,3602,1897,3653,3756,4971,5000,1577,1992,5262,3414,3183,1058,893,3065,3561,3954,3459
